image_width: 640
image_height: 480
camera_name: narrow_stereo
camera_matrix:
  rows: 3
  cols: 3
  data: [501.620109, 0.000000, 310.601719, 0.000000, 498.373092, 251.113293, 0.000000, 0.000000, 1.000000]
distortion_model: plumb_bob
distortion_coefficients:
  rows: 1
  cols: 5
  data: [-0.010014, -0.069492, 0.008851, -0.001775, 0.000000]
rectification_matrix:
  rows: 3
  cols: 3
  data: [1.000000, 0.000000, 0.000000, 0.000000, 1.000000, 0.000000, 0.000000, 0.000000, 1.000000]
projection_matrix:
  rows: 3
  cols: 4
  data: [492.912201, 0.000000, 308.324643, 0.000000, 0.000000, 493.377899, 254.006829, 0.000000, 0.000000, 0.000000, 1.000000, 0.000000]
