image_width: 320
image_height: 240
camera_name: left
camera_matrix:
  rows: 3
  cols: 3
  data: [279.050711, 0.000000, 150.932396, 0.000000, 272.924565, 114.348710, 0.000000, 0.000000, 1.000000]
distortion_model: plumb_bob
distortion_coefficients:
  rows: 1
  cols: 5
  data: [0.049074, -0.185740, 0.004385, -0.004781, 0.000000]
rectification_matrix:
  rows: 3
  cols: 3
  data: [1.000000, 0.000000, 0.000000, 0.000000, 1.000000, 0.000000, 0.000000, 0.000000, 1.000000]
projection_matrix:
  rows: 3
  cols: 4
  data: [276.535675, 0.000000, 148.583374, 0.000000, 0.000000, 272.803131, 114.520295, 0.000000, 0.000000, 0.000000, 1.000000, 0.000000]
