image_width: 640
image_height: 480
camera_name: narrow_stereo/left
camera_matrix:
  rows: 3
  cols: 3
  data: [517.338145, 0.000000, 309.358050, 0.000000, 512.293968, 240.468209, 0.000000, 0.000000, 1.000000]
distortion_model: plumb_bob
distortion_coefficients:
  rows: 1
  cols: 5
  data: [0.007726, -0.092009, 0.005317, -0.001587, 0.000000]
rectification_matrix:
  rows: 3
  cols: 3
  data: [0.994660, 0.025593, -0.099980, -0.027381, 0.999488, -0.016546, 0.099505, 0.019195, 0.994852]
projection_matrix:
  rows: 3
  cols: 4
  data: [576.063307, 0.000000, 388.202627, 0.000000, 0.000000, 576.063307, 254.475332, 0.000000, 0.000000, 0.000000, 1.000000, 0.000000]
