# oST version 5.0 parameters


[image]

width
640

height
480

[left]

camera matrix
517.338145 0.000000 309.358050
0.000000 512.293968 240.468209
0.000000 0.000000 1.000000

distortion
0.007726 -0.092009 0.005317 -0.001587 0.000000

rectification
0.994660 0.025593 -0.099980
-0.027381 0.999488 -0.016546
0.099505 0.019195 0.994852

projection
576.063307 0.000000 388.202627 0.000000
0.000000 576.063307 254.475332 0.000000
0.000000 0.000000 1.000000 0.000000

# oST version 5.0 parameters


[image]

width
640

height
480

[right]

camera matrix
525.713579 0.000000 325.519749
0.000000 524.158974 263.252309
0.000000 0.000000 1.000000

distortion
0.040384 -0.139277 0.003592 0.000045 0.000000

rectification
0.994209 0.047437 -0.096422
-0.045702 0.998752 0.020130
0.097257 -0.015607 0.995137

projection
576.063307 0.000000 388.202627 -42.392474
0.000000 576.063307 254.475332 0.000000
0.000000 0.000000 1.000000 0.000000

