image_width: 320
image_height: 240
camera_name: right
camera_matrix:
  rows: 3
  cols: 3
  data: [266.981238, 0.000000, 162.602644, 0.000000, 262.581339, 128.337819, 0.000000, 0.000000, 1.000000]
distortion_model: plumb_bob
distortion_coefficients:
  rows: 1
  cols: 5
  data: [0.043259, -0.118692, 0.000552, 0.000236, 0.000000]
rectification_matrix:
  rows: 3
  cols: 3
  data: [1.000000, 0.000000, 0.000000, 0.000000, 1.000000, 0.000000, 0.000000, 0.000000, 1.000000]
projection_matrix:
  rows: 3
  cols: 4
  data: [266.174896, 0.000000, 162.245464, 0.000000, 0.000000, 262.445679, 127.917868, 0.000000, 0.000000, 0.000000, 1.000000, 0.000000]
