image_width: 640
image_height: 480
camera_name: narrow_stereo
camera_matrix:
  rows: 3
  cols: 3
  data: [509.324997, 0.000000, 321.389129, 0.000000, 509.804589, 203.373673, 0.000000, 0.000000, 1.000000]
distortion_model: plumb_bob
distortion_coefficients:
  rows: 1
  cols: 5
  data: [0.028677, -0.150628, -0.009527, 0.003888, 0.000000]
rectification_matrix:
  rows: 3
  cols: 3
  data: [1.000000, 0.000000, 0.000000, 0.000000, 1.000000, 0.000000, 0.000000, 0.000000, 1.000000]
projection_matrix:
  rows: 3
  cols: 4
  data: [468.841633, 0.000000, 326.344365, 0.000000, 0.000000, 475.658147, 192.003968, 0.000000, 0.000000, 0.000000, 1.000000, 0.000000]
