image_width: 640
image_height: 480
camera_name: right
camera_matrix:
  rows: 3
  cols: 3
  data: [525.713579, 0.000000, 325.519749, 0.000000, 524.158974, 263.252309, 0.000000, 0.000000, 1.000000]
distortion_model: plumb_bob
distortion_coefficients:
  rows: 1
  cols: 5
  data: [0.040384, -0.139277, 0.003592, 0.000045, 0.000000]
rectification_matrix:
  rows: 3
  cols: 3
  data: [0.994209, 0.047437, -0.096422, -0.045702, 0.998752, 0.020130, 0.097257, -0.015607, 0.995137]
projection_matrix:
  rows: 3
  cols: 4
  data: [576.063307, 0.000000, 388.202627, -42.392474, 0.000000, 576.063307, 254.475332, 0.000000, 0.000000, 0.000000, 1.000000, 0.000000]
